5267.784387 0.0000
5267.842373 0.0000
5267.900892 0.0000
5267.958484 0.0000
5268.016772 0.0000
5268.074297 0.0000
5268.132691 0.0000
5268.190131 0.0000
5268.248190 0.0000
5268.306571 0.0000
5268.364224 0.0000
5268.422598 0.0000
5268.480243 0.0000
5268.538541 0.0000
5268.596149 0.0000
5268.654240 0.0000
5268.712753 0.0000
5268.770391 0.0000
5268.828719 0.0000
5268.886913 0.0000
5268.945318 0.0000
5269.002904 0.0000
5269.061131 0.0000
5269.119321 0.0000
5269.177662 0.0000
5269.236150 0.0000
5269.293804 0.0000
5269.351835 0.0000
5269.410257 0.0000
5269.468436 0.0000
5269.526886 0.0000
5269.584395 0.0000
5269.642722 0.0000
5269.700394 0.0000
5269.758678 0.0000
5269.816237 0.0000
5269.874565 0.0000
5269.932048 0.0000
5269.990152 0.0000
5270.048426 0.0000
5270.106757 0.0000
5270.164982 0.0000
5270.223285 0.0000
5270.281785 0.0000
5270.339443 0.0000
5270.397505 0.0000
5270.456049 0.0000
5270.513597 0.0000
5270.571728 0.0000
5270.629919 0.0000
5270.688451 0.0000
5270.745905 0.0000
5270.804026 0.0000
5270.862202 0.0000
5270.920872 0.0000
5270.979069 0.0000
5271.037383 0.0000
5271.095621 0.0000
5271.153812 0.0000
5271.212023 0.0000
5271.270512 0.0000
5271.328202 0.0000
5271.386497 0.0000
5271.444118 0.0000
5271.502428 0.0000
5271.560018 0.0000
5271.618391 0.0000
5271.675853 0.0000
5271.733971 0.0000
5271.792195 5.5917
5271.850737 5.5917
5271.909688 5.5917
5271.967651 5.0955
5272.026155 5.0955
5272.083986 5.0955
5272.142515 5.0955
5272.201278 5.0955
5272.259076 5.3627
5272.317371 5.3627
5272.375790 5.3627
5272.434180 5.3627
5272.492786 5.3780
5272.550599 5.3780
5272.609173 5.3780
5272.667026 5.3780
5272.725581 5.3780
5272.783432 5.3971
5272.841704 5.3971
5272.900445 5.3971
5272.958653 5.3971
5273.017076 5.3971
5273.075742 5.7711
5273.133521 5.7711
5273.191791 5.7711
5273.250594 5.7711
5273.308217 6.1337
5273.366537 6.1337
5273.425178 6.1337
5273.483051 6.1337
5273.541644 6.1337
5273.599529 6.0917
5273.658036 6.0917
5273.715859 6.0917
5273.774149 6.0917
5273.832864 6.0917
5273.891324 6.0688
5273.949970 6.0688
5274.007764 6.0688
5274.066277 6.0688
5274.124023 6.0688
5274.182407 6.0383
5274.240799 6.0383
5274.299338 6.0383
5274.358007 6.0383
5274.415888 6.0383
5274.474141 6.0383
5274.532881 6.0383
5274.590587 6.0383
5274.649110 6.0383
5274.706765 6.0268
5274.765294 6.0268
5274.823248 6.0268
5274.881717 6.0268
5274.939489 6.0268
5274.997997 6.0230
5275.055676 6.0230
5275.113975 6.0230
5275.172705 6.0230
5275.230550 6.0268
5275.289086 6.0268
5275.346966 6.0268
5275.405562 6.0268
5275.463472 6.0268
5275.521756 6.0192
5275.580245 6.0192
5275.638701 0.0000
5275.697198 0.0000
5275.754741 0.0000
5275.813125 0.0000
5275.870624 0.0000
5275.929101 0.0000
5275.987484 0.0000
5276.045163 0.0000
5276.103286 0.0000
5276.161646 0.0000
5276.219843 0.0000
5276.278308 0.0000
5276.335865 0.0000
5276.394202 0.0000
5276.451954 0.0000
5276.510053 0.0000
5276.568370 0.0000
5276.626869 0.0000
5276.684462 0.0000
5276.742660 0.0000
5276.800848 0.0000
5276.859194 0.0000
5276.918026 0.0000
5276.975760 0.0000
5277.033808 0.0000
5277.092381 0.0000
5277.149919 0.0000
5277.208240 0.0000
5277.265816 0.0000
5277.324128 0.0000
5277.381817 0.0000
5277.440118 0.0000
5277.497705 0.0000
5277.556415 0.0000
5277.613867 0.0000
5277.671968 0.0000
5277.730499 0.0000
5277.788195 0.0000
5277.846290 0.0000
5277.904983 0.0000
5277.963268 0.0000
5278.021861 0.0000
5278.079403 0.0000
5278.137783 0.0000
5278.195405 0.0000
5278.253740 0.0000
5278.311330 0.0000
5278.369732 0.0000
5278.427641 0.0000
5278.485818 0.0000
5278.544012 0.0000
5278.602281 0.0000
5278.660572 0.0000
5278.718934 0.0000
5278.777155 0.0000
5278.835647 0.0000
5278.893786 0.0000
5278.951998 0.0000
5279.010363 0.0000
5279.068944 0.0000
5279.126445 0.0000
5279.185057 0.0000
5279.242627 0.0000
5279.300844 0.0000
5279.359053 0.0000
5279.417412 0.0000
5279.475626 0.0000
5279.533969 0.0000
5279.592137 0.0000
5279.650529 0.0000
5279.708728 0.0000
5279.767189 0.0000
5279.824769 0.0000
5279.883093 0.0000
5279.940786 0.0000
5279.999121 0.0000
5280.056730 0.0000
5280.115053 0.0000
5280.172567 0.0000
5280.230683 0.0000
5280.288980 0.0000
5280.347325 0.0000
